6.70936787449 0.0 33.3324443555
11.2649157219 -14.3 15.3624273401
19.420008161 -1.75124492278e-15 2.3012568364
11.2649157219 14.3 15.3624273401
346.959837772 0.0 636.2172429
333.248715563 -14.3 632.15582347
319.537593354 -1.75124492278e-15 628.094404041
333.248715563 14.3 632.15582347
392.159224868 -28.4204068371 461.278267253
382.603660701 -38.3818275647 458.202346164
373.729876402 -28.4204068371 453.509154362
383.285440568 -18.4589861094 456.58507545
0.0 -36.75 -19.05
-19.05 -36.75 -4.22994972382e-15
-2.33295215238e-15 -36.75 19.05
19.05 -36.75 4.22994972382e-15
-160.898085753 10.3804140991 500.776811192
-166.653371679 1.9994898545 507.073886502
-168.537648619 8.77339067751 520.885833465
-158.407998013 16.0866604478 523.080804864
392.159224868 28.4204068371 461.278267253
383.285440568 18.4589861094 456.58507545
373.729876402 28.4204068371 453.509154362
382.603660701 38.3818275647 458.202346164
-227.004751308 -17.9532668189 382.412476251
-234.504751308 -19.5449268105 389.912476251
-227.004751308 -16.6615897751 397.412476251
-219.504751308 -18.8795670178 389.912476251
-103.751568589 -22.6593003985 11.0367188529
-111.251568589 -21.5286102965 18.5367188529
-103.751568589 -22.9178165976 26.0367188529
-96.2515685892 -19.9901251017 18.5367188529
-18.5066216971 0.0 6.49441709163
-5.41049231661 -15.9 18.2655159492
11.9838458717 -1.94718841064e-15 15.5261050532
-5.41049231661 15.9 18.2655159492
-142.487140102 -14.3 510.030868895
-130.937689107 -3.17523785043e-15 498.021121013
-142.487140102 14.3 510.030868895
-139.033990491 1.58761892521e-15 525.50424004
389.909776832 0.0 458.371286364
372.409776832 0.0 440.871286364
389.909776832 0.0 423.371286364
407.409776832 0.0 440.871286364
389.909776832 -30.0 423.371286364
372.409776832 -30.0 440.871286364
389.909776832 -30.0 458.371286364
407.409776832 -30.0 440.871286364
-18.9017371726 -10.9979979909 3.15077745336
-17.8512830554 -22.0503221417 -8.0841089118
-18.7125815195 -33.3222220303 3.56956480191
-13.9519859574 -21.6024655282 13.766223065
389.909776832 30.0 458.371286364
372.409776832 30.0 440.871286364
389.909776832 30.0 423.371286364
407.409776832 30.0 440.871286364
-160.093059583 0.0 484.482220802
-144.847825799 -15.9 488.998064783
-129.602592015 -1.94718841064e-15 493.513908764
-144.847825799 15.9 488.998064783
-18.7125815195 33.3222220303 3.56956480191
-17.8512830554 22.0503221417 -8.0841089118
-18.9017371726 10.9979979909 3.15077745336
-13.9519859574 21.6024655282 13.766223065
389.909776832 0.0 423.371286364
372.409776832 0.0 440.871286364
389.909776832 0.0 458.371286364
407.409776832 0.0 440.871286364
367.872517019 0.0 452.595158589
384.939508299 -17.8 457.650631724
402.00649958 -2.17987130248e-15 462.70610486
384.939508299 17.8 457.650631724
-160.898085753 -10.3804140991 500.776811192
-158.407998013 -16.0866604478 523.080804864
-168.537648619 -8.77339067751 520.885833465
-166.653371679 -1.9994898545 507.073886502
